50 50

5 0 0
5 1 0
5 2 0
5 3 0
5 4 0
5 5 0
5 6 0
5 7 0
5 8 0
5 9 0
5 10 0
5 11 0
5 12 0
5 13 0
5 14 0
1 24 0
1 25 0
5 30 0
5 31 0
5 32 0
5 33 0
5 34 0
5 35 0
5 36 0
5 37 0
5 38 0
5 39 0
5 40 0
5 41 0
5 42 0
5 43 0
5 44 0
1 24 1
1 23 2
1 22 3
1 21 4
1 20 5
1 19 6
1 18 7
1 17 8
1 16 9
1 15 10
1 14 11
1 13 12
1 12 13
1 11 14
1 10 15
1 9 16
1 8 17
1 7 18
1 6 19
1 5 20
1 4 21
1 3 22
1 2 23
1 1 24
1 25 1
1 26 2
1 27 3
1 28 4
1 29 5
1 30 6
1 31 7
1 32 8
1 33 9
1 34 10
1 35 11
1 36 12
1 37 13
1 38 14
1 39 15
1 40 16
1 41 17
1 42 18
1 43 19
1 44 20
1 45 21
1 46 22
1 47 23
1 48 24